00000000000000000000000000000000
00000000000000000000000000000010
00000000000000000000000000000011
00000000000000000000000000000101
00000000000000000000000000000111
00000000000000000000000000001011
00000000000000000000000000001101
00000000000000000000000000010001
00000000000000000000000000010011
00000000000000000000000000010111
00000000000000000000000000011101
00000000000000000000000000001010
00000000000000000000000000000000
00000000000000000000000000000000
00000000000000000000000000000000
00000000000000000000000000000000
00000000000000000000000000000000
00000000000000000000000000000000
00000000000000000000000000000000
00000000000000000000000000000000
00000000000000000000000000000000
00000000000000000000000000000000
00000000000000000000000000000000
00000000000000000000000000000000
00000000000000000000000000000000
00000000000000000000000000000000
00000000000000000000000000000000
00000000000000000000000000000000
00000000000000000000000000000000
00000000000000000000000000000000
00000000000000000000000000000000
00000000000000000000000000000000
00000000000000000000000000000000